,TRMK,PLZL,SBER,ROSN,TATN,TTLK,UTAR,KMAZ,LSRG,MTSS,GMKN,DVEC,IRAO,GLTR,IRKT,MRKC,AFKS,LKOH,RTKM,MAGN,GAZP,NVTK,SNGS,TRNFP,AFLT,VTBR,CHMF,PIKK,NMTP,MGNT
TRMK,0.0005754423934014478,7.666825591097516e-05,7.761227691482522e-05,8.302388392718924e-05,7.999105635549982e-05,9.405972282802041e-05,8.205586268460337e-05,0.00010619204816049572,8.652920680098368e-05,8.233494816810827e-05,8.811765066225188e-05,0.00012475149870264346,8.362256201146091e-05,0.00010718618129332946,0.00012488585674452546,9.062983250028904e-05,9.495064670022571e-05,8.792719424407739e-05,8.535821346401595e-05,9.391001554790815e-05,8.145846194134357e-05,8.743186154243083e-05,0.00010107596779835695,8.333985614591322e-05,0.0001007441885457986,8.657542096891242e-05,0.00010750321506257981,8.197604339650854e-05,0.00011720161666103662,9.311974948299422e-05
PLZL,7.666825591097516e-05,0.00033281479372191135,5.736468051533125e-05,6.136450012736855e-05,5.912288073899548e-05,6.95212943605747e-05,6.064901758362186e-05,7.848852215327671e-05,6.395534960056434e-05,6.0855294866470995e-05,6.512939806609499e-05,9.220615798631368e-05,6.180699425846413e-05,7.922330448181602e-05,9.230546451942425e-05,6.69861984881928e-05,7.017979280082309e-05,6.498862817742564e-05,6.308984659857853e-05,6.941064291938733e-05,6.020746755907704e-05,6.462251854492596e-05,7.470713179686533e-05,6.159804108376535e-05,7.446190756712764e-05,6.398950735348561e-05,7.945763004999354e-05,6.0590021660006e-05,8.662589944396337e-05,6.882654254071081e-05
SBER,7.761227691482522e-05,5.736468051533125e-05,0.00017684205561893234,6.212008503435093e-05,5.9850864447018576e-05,7.037731438230875e-05,6.139579270953958e-05,7.945495620859005e-05,6.47428357982628e-05,6.160460989740304e-05,6.593134039557614e-05,9.334149814488558e-05,6.256802762320613e-05,8.019878595764461e-05,9.344202744551525e-05,6.781100371676552e-05,7.104392095481098e-05,6.578883719851165e-05,6.386667580397867e-05,7.026530048304346e-05,6.094880585207784e-05,6.541821963533472e-05,7.562700535751508e-05,6.235650159507025e-05,7.537876166658353e-05,6.477741413772043e-05,8.043599679111833e-05,6.133607036544665e-05,8.76925295320074e-05,6.967400804007284e-05
ROSN,8.302388392718924e-05,6.136450012736855e-05,6.212008503435093e-05,0.00025260495199904234,6.402403614887423e-05,7.528445514871885e-05,6.567668634600917e-05,8.499504619535023e-05,6.925710593867774e-05,6.590006355714555e-05,7.052848041262292e-05,9.984984355085495e-05,6.693065671353824e-05,8.579074034583714e-05,9.995738237484693e-05,7.253920546288635e-05,7.599754164612008e-05,7.037604101305059e-05,6.831985466144845e-05,7.516463094898509e-05,6.519853280579531e-05,6.997958170571256e-05,8.09001869827103e-05,6.67043817850652e-05,8.063463420934975e-05,6.929409529339898e-05,8.604449098281698e-05,6.561279979144678e-05,9.380699397773094e-05,7.453210994710685e-05
TATN,7.999105635549982e-05,5.912288073899548e-05,5.9850864447018576e-05,6.402403614887423e-05,0.00023150317280639195,7.253434565619153e-05,6.327754460816832e-05,8.189021289479856e-05,6.67271729785377e-05,6.349276194370292e-05,6.795210467751098e-05,9.62023707487456e-05,6.448570796541515e-05,8.265684067252525e-05,9.630598122471284e-05,6.988937878711651e-05,7.32213834036666e-05,6.780523382511046e-05,6.58241590963895e-05,7.241889858409283e-05,6.281685781573433e-05,6.742325700957447e-05,7.79449371674744e-05,6.42676987649398e-05,7.768908492527057e-05,6.676281112768349e-05,8.290132190542805e-05,6.321599180258239e-05,9.038026392975502e-05,7.180948330846382e-05
TTLK,9.405972282802041e-05,6.95212943605747e-05,7.037731438230875e-05,7.528445514871885e-05,7.253434565619153e-05,0.001522365911831765,7.440667217382966e-05,9.629289920838434e-05,7.846301425955725e-05,7.465974150245815e-05,7.990338448765665e-05,0.00011312225066525599,7.582732487790906e-05,9.719435994125384e-05,0.00011324408394381962,8.218138248010178e-05,8.609941338222572e-05,7.973068228446391e-05,7.740118010790869e-05,8.515578914294396e-05,7.386496071280966e-05,7.92815241531302e-05,9.165373630318396e-05,7.557097265673652e-05,9.135288528204396e-05,7.850492037485916e-05,9.748184004279532e-05,7.433429358431624e-05,0.00010627616338225275,8.443919113156035e-05
UTAR,8.205586268460337e-05,6.064901758362186e-05,6.139579270953958e-05,6.567668634600917e-05,6.327754460816832e-05,7.440667217382966e-05,0.0011126713001994625,8.400404208496891e-05,6.844959915174574e-05,6.513169837843359e-05,6.97061499696555e-05,9.868563916707945e-05,6.615027528094051e-05,8.479045879860466e-05,9.879192413662493e-05,7.169343086783179e-05,7.511144440255743e-05,6.955548794509882e-05,6.752327580396376e-05,7.428824507051239e-05,6.443834716094171e-05,6.916365117543514e-05,7.995692709381963e-05,6.592663861662793e-05,7.969447054667114e-05,6.848615722718412e-05,8.50412508169883e-05,6.484778397937809e-05,9.27132465091928e-05,7.366309897977102e-05
KMAZ,0.00010619204816049572,7.848852215327671e-05,7.945495620859005e-05,8.499504619535023e-05,8.189021289479856e-05,9.629289920838434e-05,8.400404208496891e-05,0.0005867215144231995,8.858359283391826e-05,8.428975364700273e-05,9.02097497056639e-05,0.00012771336263272458,8.560793816115419e-05,0.00010973100750766273,0.00012785091061815121,9.278157604376132e-05,9.720497549405942e-05,9.001477145006775e-05,8.73847976431596e-05,9.613963756140959e-05,8.339245778694892e-05,8.950767850443491e-05,0.00010347572464563605,8.531852026156526e-05,0.00010313606825323473,8.86309042237519e-05,0.00011005556832785456,8.39223277184759e-05,0.00011998423045362081,9.533060891185998e-05
LSRG,8.652920680098368e-05,6.395534960056434e-05,6.47428357982628e-05,6.925710593867774e-05,6.67271729785377e-05,7.846301425955725e-05,6.844959915174574e-05,8.858359283391826e-05,0.0006936306044534116,6.86824074953544e-05,7.35062391484241e-05,0.00010406556948401606,6.975651297126044e-05,8.94128817137085e-05,0.00010417764866774223,7.560185833008928e-05,7.920620773692735e-05,7.334736365734516e-05,7.12043637683593e-05,7.833813100346171e-05,6.79512576552184e-05,7.293416557782733e-05,8.431584597757783e-05,6.952068456678718e-05,8.403908139182514e-05,7.221973747925313e-05,8.967734586913596e-05,6.838301526491649e-05,9.776758683556944e-05,7.767890454971635e-05
MTSS,8.233494816810827e-05,6.0855294866470995e-05,6.160460989740304e-05,6.590006355714555e-05,6.349276194370292e-05,7.465974150245815e-05,6.513169837843359e-05,8.428975364700273e-05,6.86824074953544e-05,0.00032257832149540843,6.994323204924221e-05,9.902128525525472e-05,6.637526324592876e-05,8.507884509321188e-05,9.912793171746075e-05,7.19372720165719e-05,7.536691077743929e-05,6.979205759836285e-05,6.775293356952791e-05,7.454091160908655e-05,6.465751257685832e-05,6.939888812740594e-05,8.022887375219938e-05,6.615086595654262e-05,7.996552454717167e-05,6.87190899108195e-05,8.53304900964941e-05,6.506834195724824e-05,9.302857950774747e-05,7.391363929368202e-05
GMKN,8.811765066225188e-05,6.512939806609499e-05,6.593134039557614e-05,7.052848041262292e-05,6.795210467751098e-05,7.990338448765665e-05,6.97061499696555e-05,9.02097497056639e-05,7.35062391484241e-05,6.994323204924221e-05,0.0002530462407741248,0.00010597593386995637,7.103705521715808e-05,9.105426210221827e-05,0.00010609007052650529,7.698970541900461e-05,8.066022100141303e-05,7.469382427855119e-05,7.251148466666474e-05,7.977620871035521e-05,6.919866026155613e-05,7.427304099194358e-05,8.586365847814494e-05,7.079689763649974e-05,8.558181323785362e-05,7.354549791208789e-05,9.132358110931654e-05,6.963834378147619e-05,9.956233717341952e-05,7.91048806292825e-05
DVEC,0.00012475149870264346,9.220615798631368e-05,9.334149814488558e-05,9.984984355085495e-05,9.62023707487456e-05,0.00011312225066525599,9.868563916707945e-05,0.00012771336263272458,0.00010406556948401606,9.902128525525472e-05,0.00010597593386995637,0.0018293790365141033,0.00010056985218239859,0.00012890897084914124,0.00015019573486337037,0.00010899724474622538,0.00011419373281048346,0.00010574687877570596,0.00010265725785169273,0.0001129422030959235,9.796716674769748e-05,0.00010515115992438836,0.00012156043651569111,0.00010022985199075974,0.00012116141752387397,0.00010412114960408806,0.00012929025597774045,9.858964337584908e-05,0.00014095417528014906,0.00011199177848058741
IRAO,8.362256201146091e-05,6.180699425846413e-05,6.256802762320613e-05,6.693065671353824e-05,6.448570796541515e-05,7.582732487790906e-05,6.615027528094051e-05,8.560793816115419e-05,6.975651297126044e-05,6.637526324592876e-05,7.103705521715808e-05,0.00010056985218239859,0.00022365936997904948,8.640936999370495e-05,0.00010067816645959855,7.306227943277187e-05,7.654555338069464e-05,7.088351659019016e-05,6.881250325570483e-05,7.570663663617974e-05,6.566867381668476e-05,7.048419844889517e-05,8.148355127102165e-05,6.718538134339267e-05,8.12160836194585e-05,6.979376905303629e-05,8.666495040469732e-05,6.608592804592945e-05,9.44834281408824e-05,7.506955457977415e-05
GLTR,0.00010718618129332946,7.922330448181602e-05,8.019878595764461e-05,8.579074034583714e-05,8.265684067252525e-05,9.719435994125384e-05,8.479045879860466e-05,0.00010973100750766273,8.94128817137085e-05,8.507884509321188e-05,9.105426210221827e-05,0.00012890897084914124,8.640936999370495e-05,0.0006326391302197685,0.00012904780651111272,9.365016498671335e-05,9.811497476885337e-05,9.085745852780184e-05,8.820286381805567e-05,9.703966351188352e-05,8.41731490604532e-05,9.034561835384625e-05,0.00010444442849960761,8.611724266409558e-05,0.00010410159236183632,8.946063601636857e-05,0.00011108587039682123,8.470797945054697e-05,0.00012110748121464977,9.622306101664713e-05
IRKT,0.00012488585674452546,9.230546451942425e-05,9.344202744551525e-05,9.995738237484693e-05,9.630598122471284e-05,0.00011324408394381962,9.879192413662493e-05,0.00012785091061815121,0.00010417764866774223,9.912793171746075e-05,0.00010609007052650529,0.00015019573486337037,0.00010067816645959855,0.00012904780651111272,0.0021039804418897037,0.00010911463537100291,0.0001143167200811389,0.00010586076873867389,0.0001027678202761395,0.00011306384246227676,9.80726779185438e-05,0.00010526440829491685,0.00012169135776626064,0.00010033780008590607,0.00012129190902882142,0.00010423328864790552,0.00012942950228586698,9.869582495740587e-05,0.00014110598369273476,0.00011211239423446627
MRKC,9.062983250028904e-05,6.69861984881928e-05,6.781100371676552e-05,7.253920546288635e-05,6.988937878711651e-05,8.218138248010178e-05,7.169343086783179e-05,9.278157604376132e-05,7.560185833008928e-05,7.19372720165719e-05,7.698970541900461e-05,0.00010899724474622538,7.306227943277187e-05,9.365016498671335e-05,0.00010911463537100291,0.0004883024522862626,8.295979595295698e-05,7.682330080630546e-05,7.457874398939586e-05,8.205058099699028e-05,7.11714729298364e-05,7.639052123833515e-05,8.83115803389195e-05,7.281527510225281e-05,8.802169985837297e-05,7.56422363377674e-05,9.392716211860485e-05,7.162369156553548e-05,0.00010240080022049148,8.136011375140332e-05
AFKS,9.495064670022571e-05,7.017979280082309e-05,7.104392095481098e-05,7.599754164612008e-05,7.32213834036666e-05,8.609941338222572e-05,7.511144440255743e-05,9.720497549405942e-05,7.920620773692735e-05,7.536691077743929e-05,8.066022100141303e-05,0.00011419373281048346,7.654555338069464e-05,9.811497476885337e-05,0.0001143167200811389,8.295979595295698e-05,0.0005198488223741119,8.048588298098653e-05,7.813431600307906e-05,8.596237588509975e-05,7.456460190714821e-05,8.003247047073727e-05,9.252187092227717e-05,7.628677301805338e-05,9.221817027168204e-05,7.924851078257726e-05,9.840517785189583e-05,7.503838025060243e-05,0.00010728280010365539,8.523899033218486e-05
LKOH,8.792719424407739e-05,6.498862817742564e-05,6.578883719851165e-05,7.037604101305059e-05,6.780523382511046e-05,7.973068228446391e-05,6.955548794509882e-05,9.001477145006775e-05,7.334736365734516e-05,6.979205759836285e-05,7.469382427855119e-05,0.00010574687877570596,7.088351659019016e-05,9.085745852780184e-05,0.00010586076873867389,7.682330080630546e-05,8.048588298098653e-05,0.0002173553841658032,7.235475922582132e-05,7.960378138334043e-05,6.904909511908083e-05,7.411250814468837e-05,8.567807381125697e-05,7.064387808320507e-05,8.539683774783933e-05,7.338653756759477e-05,9.11261954320745e-05,6.948782831238977e-05,9.934714434904645e-05,7.893390430261532e-05
RTKM,8.535821346401595e-05,6.308984659857853e-05,6.386667580397867e-05,6.831985466144845e-05,6.58241590963895e-05,7.740118010790869e-05,6.752327580396376e-05,8.73847976431596e-05,7.12043637683593e-05,6.775293356952791e-05,7.251148466666474e-05,0.00010265725785169273,6.881250325570483e-05,8.820286381805567e-05,0.0001027678202761395,7.457874398939586e-05,7.813431600307906e-05,7.235475922582132e-05,0.00044782778856097567,7.727798688765413e-05,6.703167832594233e-05,7.194715292526287e-05,8.317480588844785e-05,6.857986629953574e-05,8.290178673730395e-05,7.124239312915094e-05,8.846374899968546e-05,6.745759299193584e-05,9.644450533524804e-05,7.66276816966064e-05
MAGN,9.391001554790815e-05,6.941064291938733e-05,7.026530048304346e-05,7.516463094898509e-05,7.241889858409283e-05,8.515578914294396e-05,7.428824507051239e-05,9.613963756140959e-05,7.833813100346171e-05,7.454091160908655e-05,7.977620871035521e-05,0.0001129422030959235,7.570663663617974e-05,9.703966351188352e-05,0.00011306384246227676,8.205058099699028e-05,8.596237588509975e-05,7.960378138334043e-05,7.727798688765413e-05,0.0002818710948564806,7.374739580796584e-05,7.91553381408046e-05,9.150785843791358e-05,7.545069243017703e-05,9.120748625709693e-05,7.837997042017731e-05,9.732668605451675e-05,7.421598168016657e-05,0.00010610701217829043,8.43047960763857e-05
GAZP,8.145846194134357e-05,6.020746755907704e-05,6.094880585207784e-05,6.519853280579531e-05,6.281685781573433e-05,7.386496071280966e-05,6.443834716094171e-05,8.339245778694892e-05,6.79512576552184e-05,6.465751257685832e-05,6.919866026155613e-05,9.796716674769748e-05,6.566867381668476e-05,8.41731490604532e-05,9.80726779185438e-05,7.11714729298364e-05,7.456460190714821e-05,6.904909511908083e-05,6.703167832594233e-05,7.374739580796584e-05,0.00028130918573212964,6.866011108375905e-05,7.937480747296797e-05,6.544666532012409e-05,7.911426171843332e-05,6.798754957269165e-05,8.442211520883456e-05,6.437566519248611e-05,9.203825558761161e-05,7.312680104027483e-05
NVTK,8.743186154243083e-05,6.462251854492596e-05,6.541821963533472e-05,6.997958170571256e-05,6.742325700957447e-05,7.92815241531302e-05,6.916365117543514e-05,8.950767850443491e-05,7.293416557782733e-05,6.939888812740594e-05,7.427304099194358e-05,0.00010515115992438836,7.048419844889517e-05,9.034561835384625e-05,0.00010526440829491685,7.639052123833515e-05,8.003247047073727e-05,7.411250814468837e-05,7.194715292526287e-05,7.91553381408046e-05,6.866011108375905e-05,0.0003054123445323516,8.519541139790854e-05,7.024590993141112e-05,8.491575966139101e-05,7.297311880414672e-05,9.061284134450014e-05,6.909637269930625e-05,9.878747802699048e-05,7.848923477340014e-05
SNGS,0.00010107596779835695,7.470713179686533e-05,7.562700535751508e-05,8.09001869827103e-05,7.79449371674744e-05,9.165373630318396e-05,7.995692709381963e-05,0.00010347572464563605,8.431584597757783e-05,8.022887375219938e-05,8.586365847814494e-05,0.00012156043651569111,8.148355127102165e-05,0.00010444442849960761,0.00012169135776626064,8.83115803389195e-05,9.252187092227717e-05,8.567807381125697e-05,8.317480588844785e-05,9.150785843791358e-05,7.937480747296797e-05,8.519541139790854e-05,0.0004279106278572693,8.120807683761675e-05,9.816721773609338e-05,8.43608780171529e-05,0.0001047533527512685,7.987914953119247e-05,0.00011420367554557016,9.073780686487833e-05
TRNFP,8.333985614591322e-05,6.159804108376535e-05,6.235650159507025e-05,6.67043817850652e-05,6.42676987649398e-05,7.557097265673652e-05,6.592663861662793e-05,8.531852026156526e-05,6.952068456678718e-05,6.615086595654262e-05,7.079689763649974e-05,0.00010022985199075974,6.718538134339267e-05,8.611724266409558e-05,0.00010033780008590607,7.281527510225281e-05,7.628677301805338e-05,7.064387808320507e-05,6.857986629953574e-05,7.545069243017703e-05,6.544666532012409e-05,7.024590993141112e-05,8.120807683761675e-05,0.0002656515868178465,8.094151342376316e-05,6.955781469555953e-05,8.637195902500903e-05,6.586250892267673e-05,9.416400454646035e-05,7.481576418046963e-05
AFLT,0.0001007441885457986,7.446190756712764e-05,7.537876166658353e-05,8.063463420934975e-05,7.768908492527057e-05,9.135288528204396e-05,7.969447054667114e-05,0.00010313606825323473,8.403908139182514e-05,7.996552454717167e-05,8.558181323785362e-05,0.00012116141752387397,8.12160836194585e-05,0.00010410159236183632,0.00012129190902882142,8.802169985837297e-05,9.221817027168204e-05,8.539683774783933e-05,8.290178673730395e-05,9.120748625709693e-05,7.911426171843332e-05,8.491575966139101e-05,9.816721773609338e-05,8.094151342376316e-05,0.0004510581128341987,8.40839656148939e-05,0.00010440950257762354,7.961694828688357e-05,0.00011382880493154334,9.043996235845251e-05
VTBR,8.657542096891242e-05,6.398950735348561e-05,6.477741413772043e-05,6.929409529339898e-05,6.676281112768349e-05,7.850492037485916e-05,6.848615722718412e-05,8.86309042237519e-05,7.221973747925313e-05,6.87190899108195e-05,7.354549791208789e-05,0.00010412114960408806,6.979376905303629e-05,8.946063601636857e-05,0.00010423328864790552,7.56422363377674e-05,7.924851078257726e-05,7.338653756759477e-05,7.124239312915094e-05,7.837997042017731e-05,6.798754957269165e-05,7.297311880414672e-05,8.43608780171529e-05,6.955781469555953e-05,8.40839656148939e-05,0.0003330584433124791,8.972524141879621e-05,6.841953777873308e-05,9.781980328181976e-05,7.772039188182188e-05
CHMF,0.00010750321506257981,7.945763004999354e-05,8.043599679111833e-05,8.604449098281698e-05,8.290132190542805e-05,9.748184004279532e-05,8.50412508169883e-05,0.00011005556832785456,8.967734586913596e-05,8.53304900964941e-05,9.132358110931654e-05,0.00012929025597774045,8.666495040469732e-05,0.00011108587039682123,0.00012942950228586698,9.392716211860485e-05,9.840517785189583e-05,9.11261954320745e-05,8.846374899968546e-05,9.732668605451675e-05,8.442211520883456e-05,9.061284134450014e-05,0.0001047533527512685,8.637195902500903e-05,0.00010440950257762354,8.972524141879621e-05,0.00042967246005788147,8.495852751268285e-05,0.00012146569120767882,9.650766822398322e-05
PIKK,8.197604339650854e-05,6.0590021660006e-05,6.133607036544665e-05,6.561279979144678e-05,6.321599180258239e-05,7.433429358431624e-05,6.484778397937809e-05,8.39223277184759e-05,6.838301526491649e-05,6.506834195724824e-05,6.963834378147619e-05,9.858964337584908e-05,6.608592804592945e-05,8.470797945054697e-05,9.869582495740587e-05,7.162369156553548e-05,7.503838025060243e-05,6.948782831238977e-05,6.745759299193584e-05,7.421598168016657e-05,6.437566519248611e-05,6.909637269930625e-05,7.987914953119247e-05,6.586250892267673e-05,7.961694828688357e-05,6.841953777873308e-05,8.495852751268285e-05,0.00038901939572831123,9.262306032271923e-05,7.3591443696077e-05
NMTP,0.00011720161666103662,8.662589944396337e-05,8.76925295320074e-05,9.380699397773094e-05,9.038026392975502e-05,0.00010627616338225275,9.27132465091928e-05,0.00011998423045362081,9.776758683556944e-05,9.302857950774747e-05,9.956233717341952e-05,0.00014095417528014906,9.44834281408824e-05,0.00012110748121464977,0.00014110598369273476,0.00010240080022049148,0.00010728280010365539,9.934714434904645e-05,9.644450533524804e-05,0.00010610701217829043,9.203825558761161e-05,9.878747802699048e-05,0.00011420367554557016,9.416400454646035e-05,0.00011382880493154334,9.781980328181976e-05,0.00012146569120767882,9.262306032271923e-05,0.0007710638458307231,0.00010521410666140085
MGNT,9.311974948299422e-05,6.882654254071081e-05,6.967400804007284e-05,7.453210994710685e-05,7.180948330846382e-05,8.443919113156035e-05,7.366309897977102e-05,9.533060891185998e-05,7.767890454971635e-05,7.391363929368202e-05,7.91048806292825e-05,0.00011199177848058741,7.506955457977415e-05,9.622306101664713e-05,0.00011211239423446627,8.136011375140332e-05,8.523899033218486e-05,7.893390430261532e-05,7.66276816966064e-05,8.43047960763857e-05,7.312680104027483e-05,7.848923477340014e-05,9.073780686487833e-05,7.481576418046963e-05,9.043996235845251e-05,7.772039188182188e-05,9.650766822398322e-05,7.3591443696077e-05,0.00010521410666140085,0.00035018878049017843
